#Text file of bell schedule for Followers of Jesus School
#Prepared by J. Gochnauer  4 Sep 07, Revised 5 Sept 12, Revised 2 Sep 2014
#HR,MI,SE,C,T,WD
#The last column (WD) is an optional, pipe-delimited list of the days of the week the bell should ring.
#   (Sunday=1,Monday=2,etc.).  If not specified, the setting defaults to all weekdays.
#Circuit 1 (Pin 3) 1st & 2nd Grades
08,27,00,1,3
08,30,00,1,1
10,15,00,1,1
10,30,00,1,3
11,55,00,1,1
12,15,00,1,2
12,30,00,1,2
13,30,00,1,1,2|3|5|6
13,55,00,1,3,2|3|5|6
14,55,00,1,1,2|3|5|6
15,05,00,1,3,2|3|5|6
14,25,00,2,1,3
14,53,00,2,1,3
13,25,00,1,1,4
13,35,00,1,3,4
#Circuit 2 (Pin 4) 3rd & 4th Grades
08,27,00,2,3
08,30,00,2,1
10,15,00,2,1
10,25,00,2,1
10,30,00,2,3
12,00,00,2,1
12,15,00,2,2
13,30,00,2,1,2|3|5|6
13,55,00,2,3,2|3|5|6
14,25,00,2,1,3
14,53,00,2,1,3
14,55,00,2,1
13,30,00,2,1,4
15,00,00,2,1,2|3|5|6
#Circuit 3 (Pin 5) 5th & 6th Grades
#08,27,00,3,5
#08,30,00,3,1
#09,00,00,3,1
#09,40,00,3,1
#10,15,00,3,1
#10,23,00,3,1
#10,25,00,3,1
#11,03,00,3,1
11,17,00,3,1
11,55,00,4,1
#10,30,00,3,1
#11,05,00,3,1
#11,55,00,3,1
#12,10,00,3,1
#12,30,00,3,1
#13,15,00,3,1,2|3|5|6
#13,25,00,3,1,4
#13,30,00,3,1,4
#14,00,00,3,1,2|3|5|6
#14,10,00,3,1,2|5
14,55,00,3,1,2|3|5|6
15,00,00,3,1,2|3|5|6
#Circuit 4 (Pin 6) High School
08,27,00,6,5
08,30,00,6,1
08,53,00,6,1,2|3|5|6
09,43,00,6,1
09,45,00,6,1
10,23,00,6,1
10,25,00,6,1
11,03,00,6,1
11,05,00,6,1
11,43,00,6,1
12,17,00,6,5
12,20,00,6,2
13,08,00,6,1,2|3|5|6
13,10,00,6,1,2|3|5|6
13,58,00,6,1,2|3|5|6
14,00,00,6,1,2|3|5|6
#14,13,00,6,1,3
#14,15,00,6,1,3
13,25,00,6,1,4
13,30,00,6,1,4
13,42,00,6,3,4
13,45,00,6,3,4
14,55,00,6,1,2|3|5|6
15,00,00,6,1,2|3|5|6
#Circuit 5 (Pin 7) Library
09,43,00,5,1
#09,46,00,5,1,4
#09,37,00,5,1
#10,26,00,5,1
#10,32,00,5,1
#11,10,00,5,1
#11,12,00,5,1
#11,50,00,5,1
#12,00,00,5,1
#12,10,00,5,1
#12,27,00,5,1
#12,30,00,5,1
#13,13,00,5,1,2|3|5|6
#13,15,00,5,1,2|3|5|6
13,25,00,5,1,4
#13,27,00,5,1,4
13,30,00,5,1,4
#14,00,00,5,1,2|3|5|6
#14,02,00,5,1,2|3|5|6
14,55,00,5,1,2|3|5|6
#14,57,00,5,1,2|3|5|6
15,00,00,5,1,2|3|5|6
#Circuit 6 (Pin 8) Side Yard
#08,30,00,6,1,4
#10,00,00,6,5
#10,14,00,6,5
#10,15,00,6,5
#10,29,00,6,5
#11,55,00,6,5
#12,09,00,6,5
#12,10,00,6,5
#12,29,00,6,5
#13,20,00,6,5,2|3|5|6
#13,40,00,6,5,2|3|5|6
#14,00,00,6,5,2|3|5|6
#14,10,00,6,3,2|5
#14,53,00,6,3,2|3|5|6
#14,55,00,6,5,2|3|5|6
#Faculty Meeting Bell
15,58,00,1,2,3
15,58,00,2,2,3
15,58,00,3,2,3
15,58,00,6,2,3
15,58,00,5,2,3
16,00,00,1,1,3
16,00,00,2,1,3
16,00,00,3,1,3
16,00,00,6,1,3
16,00,00,5,1,3
#Morning Prayer Meeting Bell
07,43,00,1,2
07,43,00,2,2
07,43,00,3,2
07,43,00,6,2
07,43,00,5,2
07,45,00,1,1
07,45,00,2,1
07,45,00,3,1
07,45,00,6,1
07,45,00,5,1
#Wed Prayer Meeting Bell
14,28,00,1,2,4
14,28,00,2,2,4
14,28,00,3,2,4
14,28,00,6,2,4
14,28,00,5,2,4
14,30,00,1,1,4
14,30,00,2,1,4
14,30,00,3,1,4
14,30,00,6,1,4
14,30,00,5,1,4
#Test
14,10,00,5,1,7
14,10,05,5,1,7
14,10,10,5,1,7
14,10,15,5,1,7
14,10,20,5,1,7
14,10,25,5,1,7