#Text file of bell schedule for Followers of Jesus School
#Prepared by J. Gochnauer  4 Sep 07, Revised 5 Sept 12, Revised 2 Sep 2014
#HR,MI,SE,C,T,WD
#The last column (WD) is an optional, pipe-delimited list of the days of the week the bell should ring.
#   (Sunday=1,Monday=2,etc.).  If not specified, the setting defaults to all weekdays.
#Bell 1 (Pin 3) 1st & 2nd Grades
#08,27,00,1,3
#08,30,00,1,1
09,30,00,1,1,2|3|4|5
10,15,00,1,1
#10,30,00,1,3
#11,55,00,1,1
#12,15,00,1,2
#12,30,00,1,2
#13,20,00,1,1,2|3|5|6
#13,45,00,1,3,2|3|5|6
#14,55,00,1,1,2|3|5|6
#15,05,00,1,3,2|3|5|6
#14,25,00,2,1,3
#14,53,00,2,1,3
#13,25,00,1,1,4
#13,35,00,1,3,4
09,30,00,1,1,2|3|4|5
10,15,00,1,1,2|3|4|5
13,00,00,1,1,3
#Bell 2 (Pin 4) 3rd & 4th Grades
08,27,00,2,3
08,30,00,2,1
09,28,00,4,1,2|3|4|5
10,15,00,2,1
10,25,00,2,1
10,30,00,2,3
12,00,00,2,1
12,15,00,2,2
13,20,00,2,1,2|3|5|6
13,45,00,2,3,2|3|5|6
14,25,00,2,1,3
14,53,00,2,1,3
14,55,00,2,1
13,30,00,2,1,4
15,00,00,2,1,2|3|5|6
#Bell 3 (Pin 5) 5th & 6th Grades
08,27,00,3,5
08,30,00,3,1
#09,00,00,3,1
#09,40,00,3,1
#10,15,00,3,1
10,23,00,3,1
10,25,00,3,1
11,03,00,3,1
11,05,00,3,1
11,43,00,3,1
12,17,00,3,1
12,20,00,3,1
13,07,00,3,1,2|3|5|6
13,10,00,3,1,2|3|5|6
13,25,00,3,1,4
13,30,00,3,1,4
13,58,00,3,1,2|3|5|6
14,00,00,3,1,2|3|5|6
14,55,00,3,1,2|3|5|6
15,00,00,3,1,2|3|5|6
#Bell 4 (Pin 6) High School
08,27,00,4,5
08,30,00,4,1
08,53,00,4,1,2|3|5|6
09,28,00,4,1,2|4|5
09,43,00,4,1
09,45,00,4,1
10,14,00,4,1,6
10,23,00,4,1
10,25,00,4,1
10,35,00,4,1
11,03,00,4,1
11,05,00,4,1
11,43,00,4,1
12,17,00,4,5
12,20,00,4,2
13,08,00,4,1,2|3|5|6
13,10,00,4,1,2|3|5|6
13,58,00,4,1,2|3|5|6
14,00,00,4,1,2|3|5|6
#13,43,00,4,1,3
#13,45,00,4,1,3
13,25,00,4,1,4
13,30,00,4,1,4
13,42,00,4,3,4
13,45,00,4,3,4
14,55,00,4,1,2|3|5|6
15,00,00,4,1,2|3|5|6
#Bell 5 (Pin 7) Library
09,43,00,5,1
#09,46,00,5,1,4
#09,37,00,5,1
#10,26,00,5,1
#10,32,00,5,1
#11,10,00,5,1
#11,12,00,5,1
#11,50,00,5,1
#12,00,00,5,1
#12,10,00,5,1
#12,27,00,5,1
#12,30,00,5,1
#13,13,00,5,1,2|3|5|6
#13,15,00,5,1,2|3|5|6
13,25,00,5,1,4
#13,27,00,5,1,4
13,30,00,5,1,4
#14,00,00,5,1,2|3|5|6
#14,02,00,5,1,2|3|5|6
14,55,00,5,1,2|3|5|6
#14,57,00,5,1,2|3|5|6
15,00,00,5,1,2|3|5|6
#Bell 6 (Pin 8) Side Yard
08,30,00,6,1,4
08,55,00,6,3,3
09,43,00,6,3,3
#10,00,00,6,5
#10,14,00,6,5
10,15,00,6,5
10,29,00,6,5
12,00,00,6,5
12,15,00,6,5
12,29,00,6,5
13,20,00,6,5,2|3|5|6
13,40,00,6,5,2|3|5|6
14,00,00,6,5,2|5
14,53,00,6,1,2|5
14,55,00,6,5,2|3|5|6
13,45,00,6,3,3
14,23,00,6,3,3
14,25,00,6,3,3
#Faculty Meeting Bell
15,58,00,1,2,3
15,58,00,2,2,3
15,58,00,3,2,3
15,58,00,4,2,3
15,58,00,5,2,3
16,00,00,1,1,3
16,00,00,2,1,3
16,00,00,3,1,3
16,00,00,4,1,3
16,00,00,5,1,3
#Morning Prayer Meeting Bell
07,43,00,1,2
07,43,00,2,2
07,43,00,3,2
07,43,00,4,2
07,43,00,5,2
07,45,00,1,1
07,45,00,2,1
07,45,00,3,1
07,45,00,4,1
07,45,00,5,1
#Wed Prayer Meeting Bell
14,28,00,1,2,4
14,28,00,2,2,4
14,28,00,3,2,4
14,28,00,4,2,4
14,28,00,5,2,4
14,30,00,1,1,4
14,30,00,2,1,4
14,30,00,3,1,4
14,30,00,4,1,4
14,30,00,5,1,4
#Test
22,40,00,1,1
22,40,05,2,1
22,40,10,3,1
22,40,15,4,1
22,40,20,5,1